        6.7300786915       -0.1250576168        0.0575288538        0.0378633620       -0.0154724298        0.0412614791
       -0.0268485430       -0.0590442255       -0.0431389165        0.0047568572        0.0025955693        0.0213286893
        1.2777756427        0.0172964969       -0.0277711850        0.0053708469        0.0309256992       -0.0306327829
       -0.0949588316        0.0148180304        0.0535531022       -0.0522910980        0.1244933502
        1.1113141626
        0.4685325307
        0.7895940763
        0.3933065004
        0.2486794219
        9.1408836613
       -0.9030146888        0.1712032733       -0.4832972591        0.0453722903        0.3081833634       -0.1116671043        0.0972495916        0.0036412246        0.0050124170        0.0027316374
        0.8002025201        0.1577181202        0.0094186050        0.0187129963        0.0094118922        0.0024679044        0.0017053520        0.0001833322        0.0000945915        0.0000846861
        0.8002025201        0.7894781878        0.2243086674        0.5735316936        0.6776645436        0.5530833795        0.8241853400        0.4528854403        0.5411314751        1.0000000000
